01110000 00000000 00000000 01001000
01110000 00000000 00000000 01100101
01110000 00000000 00000000 01101100
01110000 00000000 00000000 01101100
01110000 00000000 00000000 01101111
01110000 00000000 00000000 00101100
01110000 00000000 00000000 00100000
01110000 00000000 00000000 01010111
01110000 00000000 00000000 01101111
01110000 00000000 00000000 01110010
01110000 00000000 00000000 01101100
01110000 00000000 00000000 01100100
01110000 00000000 00000000 00100001
01110000 00000000 00000000 00000000
01100000 00000000 00000000 00000001